-93
149
-93
149
-93
149
-93
149
-93
149
-93
149
-93
149
-93
149
-93
149
-93
149
-93
149
-93
149
-93
149
-93
149
-93
149
-93
149
-93
149
-93
149
-93
149
-93
149
-93
149
-93
148
-93
147
-93
146
-93
145
-93
143
-93
143
-93
142
-93
141
-93
139
-93
139
-93
138
-93
137
-93
136
-93
136
-93
135
-93
134
-93
133
-93
133
-93
132
-93
131
-93
131
-93
129
-93
128
-93
126
-93
126
-93
124
-93
123
-93
122
-93
120
-93
119
-93
118
-93
116
-94
114
-94
112
-94
110
-95
108
-95
104
-96
101
-96
96
-96
93
-97
90
-99
86
-99
81
-100
76
-101
74
-101
71
-102
66
-103
63
-104
60
-104
56
-105
52
-106
48
-106
44
-107
41
-108
37
-109
34
-109
32
-109
29
-109
26
-109
23
-109
19
-109
17
-109
14
-109
11
-109
9
-109
5
-109
4
-109
2
-109
-1
-109
-3
-109
-7
-109
-9
-109
-10
-109
-13
-109
-16
-109
-18
-109
-21
-109
-22
-109
-24
-109
-27
-108
-29
-107
-31
-107
-32
-107
-35
-107
-37
-107
-38
-106
-41
-106
-43
-105
-45
-105
-47
-104
-49
-103
-51
-102
-54
-102
-56
-102
-58
-101
-59
-100
-62
-99
-64
-99
-66
-98
-68
-97
-71
-96
-74
-96
-76
-96
-80
-95
-81
-94
-84
-92
-89
-91
-92
-89
-96
-88
-98
-86
-100
-84
-104
-82
-105
-80
-107
-78
-109
-77
-110
-74
-111
-71
-112
-69
-113
-66
-115
-64
-116
-60
-117
-58
-118
-56
-118
-53
-119
-49
-120
-48
-120
-44
-121
-42
-121
-39
-121
-36
-123
-34
-123
-33
-123
-31
-123
-28
-123
-26
-123
-24
-123
-22
-122
-19
-122
-19
-121
-17
-121
-15
-120
-14
-120
-12
-119
-11
-117
-9
-117
-7
-115
-4
-114
-3
-112
0
-110
2
-108
3
-107
5
-105
8
-102
10
-100
11
-99
12
-97
14
-94
15
-93
17
-90
18
-89
19
-87
21
-84
22
-83
22
-81
22
-78
24
-77
24
-74
24
-73
25
-71
25
-69
25
-67
25
-65
25
-62
25
-59
25
-55
24
-50
23
-47
23
-45
20
-40
20
-39
19
-36
19
-33
17
-32
16
-30
15
-28
14
-26
12
-23
11
-22
10
-20
8
-17
8
-16
5
-14
5
-12
4
-10
3
-9
2
-8
0
-7
-1
-6
-2
-4
-5
-3
-6
-1
-8
-1
-11
2
-14
2
-15
4
-18
5
-19
6
-22
7
-25
9
-27
10
-30
11
-31
12
-35
13
-37
13
-38
13
-40
15
-43
15
-45
16
-47
16
-50
16
-51
16
-53
16
-55
16
-57
16
-60
16
-61
16
-63
16
-66
16
-67
16
-69
16
-71
16
-73
16
-75
16
-76
16
-77
16
-78
16
-80
16
-81
16
-83
16
-84
16
-85
16
-86
15
-88
15
-89
14
-90
13
-90
12
-91
12
-92
12
-93
11
-93
10
-93
9
-93
9
-94
8
-95
7
-95
7
-96
6
-96
5
-96
5
-96
4
-96
4
-96
3
-96
2
-96
2
-96
2
-96
2
-95
2
-95
2
-94
2
-94
2
-94
2
-92
2
-92
2
-91
2
-90
2
-88
2
-87
2
-86
2
-84
3
-84
3
-82
3
-80
4
-80
4
-79
5
-78
6
-77
6
-76
6
-75
6
-75
6
-73
8
-73
8
-72
9
-72
9
-71
9
-71
10
-70
11
-70
11
-68
11
-68
12
-66
13
-65
14
-64
14
-63
15
-61
16
-61
16
-59
17
-58
18
-56
19
-54
21
-53
21
-51
23
-49
24
-48
25
-46
26
-44
28
-42
29
-41
31
-39
31
-38
32
-36
34
-36
36
-33
36
-32
38
-30
39
-29
41
-27
42
-27
43
-25
44
-24
46
-22
47
-21
49
-20
49
-19
51
-17
54
-16
55
-14
58
-13
59
-11
60
-10
64
-9
64
-7
68
-5
69
-4
71
-2
73
-1
76
0
77
2
80
3
81
4
84
6
85
7
87
9
89
9
92
11
92
12
95
13
97
15
100
17
101
18
103
19
107
21
109
23
112
26
115
27
117
29
119
31
121
32
123
34
126
35
127
36
130
37
131
39
132
40
134
41
135
42
136
42
137
43
138
43
138
44
139
44
140
45
140
46
140
46
141
46
142
46
143
46
143
46
143
46
143
46
143
46
143
46
143
46
143
46
143
